00 1 1 1 1 0000000000000000 0000000000000000 0000000000000000 0 0 -- reset Cycle 1
00 1 1 0 1 0000000000000000 0000000000000000 0000000000000000 0 0 
00 1 1 1 0 0000000000000001 0000000000000011 0000000000000100 0 1 -- add   Cycle 2 zero Flag set from previous cycle
00 1 1 0 0 0000000000000001 0000000000000011 0000000000000100 0 1 -- add
00 1 1 1 0 0000000000000001 0000000000000111 0000000000001000 0 0 -- add   Cycle 3
00 1 1 0 0 0000000000000001 0000000000000111 0000000000001000 0 0 -- add
00 1 1 1 0 1000000000000000 1000000000000000 1000000000000000 0 0 -- add   Cycle 4
00 1 1 0 0 1000000000000000 1000000000000000 1000000000000000 0 0 -- add
01 1 1 1 0 1000000000000000 1000000000000000 0111111111111111 1 0 -- nand  Cycle 5 carry Flag set from previous cycle
01 1 1 0 0 1000000000000000 1000000000000000 0111111111111111 1 0 -- nand  
01 1 1 1 0 1111111111111111 1111111111111111 0000000000000000 1 0 -- nand  Cycle 6 
01 1 1 0 0 1111111111111111 1111111111111111 0000000000000000 1 0 -- nand  
10 1 1 1 0 1111111111111000 1111111111111000 1111111111111111 1 1 -- cmp   Cycle 7
10 1 1 0 0 1111111111111000 1111111111111000 1111111111111111 1 1 -- cmp 
10 1 1 1 0 1111111111111001 1111111111111000 1111111111111111 1 1 -- cmp   Cycle 8
10 1 1 0 0 1111111111111001 1111111111111000 1111111111111111 1 1 -- cmp
10 1 1 1 0 1111111111111001 1111111111111000 1111111111111111 1 0 -- cmp   Cycle 9
10 1 1 0 0 1111111111111001 1111111111111000 1111111111111111 1 0 -- cmp
00 1 1 1 0 1000000000000000 0000000000000000 1000000000000000 1 0 -- add   Cycle 10
00 1 1 0 0 1000000000000000 0000000000000000 1000000000000000 1 0 -- add
00 1 1 1 0 1000000000000000 0000000000000000 1000000000000000 0 0 -- add   Cycle 11
00 1 1 0 0 1000000000000000 0000000000000000 1000000000000000 0 0 -- add
