000 000 000 0000000000000000 0000000000000000 0 0 1 1 0000000000000000 0000000000000000 0000000000000000 --cycle 1 reset
000 000 000 0000000000000000 0000000000000000 0 0 0 1 0000000000000000 0000000000000000 0000000000000000
000 000 000 1111111111111100 0000000000000000 0 1 1 0 0000000000000000 0000000000000000 0000000000000000 --cycle 2 PC write 
000 000 000 1111111111111100 0000000000000000 0 1 0 0 0000000000000000 0000000000000000 0000000000000000
000 000 000 0000000000000000 0000000000000000 0 0 1 0 0000000000000000 0000000000000000 1111111111111100 --cycle 3 PC read
000 000 000 0000000000000000 0000000000000000 0 0 0 0 0000000000000000 0000000000000000 1111111111111100
000 000 001 0000000000000000 0000000000001111 1 0 1 0 0000000000000000 0000000000000000 1111111111111100 --cycle 4 Reg write 
000 000 001 0000000000000000 0000000000001111 1 0 0 0 0000000000000000 0000000000000000 1111111111111100 
000 001 000 0000000000000000 0000000000000000 0 0 1 0 0000000000000000 0000000000001111 1111111111111100 --cycle 5 Reg read 
000 001 000 0000000000000000 0000000000000000 0 0 0 0 0000000000000000 0000000000001111 1111111111111100 
000 000 001 0000000000000000 0000000000111111 1 0 1 0 0000000000000000 0000000000000000 1111111111111100 --cycle 6 Reg write 
000 000 001 0000000000000000 0000000000111111 1 0 0 0 0000000000000000 0000000000000000 1111111111111100 
001 000 000 0000000000000000 0000000000000000 0 0 1 0 0000000000111111 0000000000000000 1111111111111100 --cycle 7 Reg read 
001 000 000 0000000000000000 0000000000000000 0 0 0 0 0000000000111111 0000000000000000 1111111111111100
